-0.9991431075 0.02023152894 0.03610728316 0.0326871894 -0.1494296297 0.9882319229 0.02538894069 0.98856536 0.1486402727 0 0
-0.9991398935 0.02029852647 0.03615858117 0.03269448233 -0.1507282785 0.9880344411 0.02550576395 0.9883668124 0.1499349864 0 0
-0.9991390815 0.02033861467 0.03615849364 0.0326638193 -0.1516779715 0.9878901092 0.02557676324 0.9882206908 0.1508830523 0 0
-0.9991353157 0.02038785308 0.03623474088 0.03270618195 -0.1526637997 0.9877368424 0.02566956685 0.9880678619 0.1518649849 0 0
-0.9991320985 0.02042032949 0.03630509319 0.03273655454 -0.1539784133 0.9875317545 0.02575592445 0.987863178 0.153176284 0 0
-0.9991306403 0.02045415691 0.03632617578 0.03272692269 -0.1549461745 0.9873806923 0.02582464158 0.9877111473 0.1541420689 0 0
-0.9991290492 0.02049395038 0.0363475026 0.03271701775 -0.1558941618 0.9872317899 0.02589864276 0.9875611416 0.1550878847 0 0
-0.9991290325 0.02054784456 0.03631752366 0.03265426138 -0.1568363398 0.9870846274 0.02597836897 0.9874108307 0.1560287658 0 0
-0.9991299754 0.02058723693 0.03626924292 0.03256650485 -0.1581224148 0.9868823257 0.02605216054 0.9872048762 0.1573143901 0 0
-0.9991322032 0.02064822065 0.03617307621 0.0324374667 -0.1590467514 0.9867380309 0.02612759484 0.9870551058 0.1582389552 0 0.4999999987
-0.9991322617 0.02072120217 0.03612970224 0.03234425851 -0.1605080445 0.9865044433 0.02624066587 0.986817004 0.1596985536 0 0.9999999975
-0.9991352462 0.02069440403 0.03606246722 0.03225033228 -0.1617054793 0.9863119456 0.02624263645 0.9866220551 0.1608982425 0 0.6669999948
-0.999136391 0.02072739212 0.03601176762 0.03217181028 -0.1625749563 0.9861715663 0.0262953763 0.9864784634 0.1617677174 0 0.3329999885
-0.9991360963 0.0207590235 0.03600172342 0.03213437605 -0.1634138819 0.9860341196 0.02635228684 0.986339174 0.1626056298 0 0
-0.9991398998 0.02074114829 0.035906342 0.03201231567 -0.1645686363 0.9858460202 0.02635663623 0.986147539 0.1637631186 -0.3329999956 0
-0.9991440917 0.02071294951 0.03580583521 0.03189643637 -0.1653676201 0.9857160684 0.02633821292 0.9860144644 0.1645654113 -0.6670000019 0
-0.9991469962 0.02067924899 0.03574421094 0.03182064691 -0.1661375161 0.9855890483 0.02631969576 0.985885741 0.1653377731 -0.9999999975 0
-0.999149948 0.02064092171 0.03568380356 0.03174639161 -0.1669254394 0.9854583016 0.02629730224 0.9857534428 0.1661282693 -0.9999999975 0
-0.9991550173 0.0205946515 0.03556840796 0.03161069931 -0.1680357187 0.9852739522 0.02626813668 0.9855657551 0.1672427201 -0.9999999975 0
-0.9991594324 0.020579711 0.03545284303 0.03146957707 -0.1691492394 0.9850879151 0.02626964604 0.9853755681 0.1683594232 -0.9999999975 0
-0.9991619091 0.02059071998 0.03537657016 0.03136855524 -0.1700478128 0.9849364219 0.02629625844 0.9852206675 0.1692593961 -0.6670000019 0
-0.999164779 0.02059578224 0.03529246734 0.03126140407 -0.1709238665 0.9847881785 0.02631480785 0.9850689547 0.1701372543 -0.3329999956 0
-0.9991674823 0.02056527581 0.03523367411 0.03118845169 -0.1716807275 0.9846588284 0.02629872319 0.9849379662 0.1708964012 0 0
-0.9991685166 0.02054173764 0.03521807048 0.03115360126 -0.1725611109 0.9845060265 0.02630073386 0.9847845957 0.1717776801 0 0
-0.99916953 0.02049654298 0.03521565187 0.031136699 -0.173396549 0.9843597629 0.0262822447 0.9846387807 0.1726143537 0 0
-0.9991683169 0.02051642609 0.03523848533 0.03112763952 -0.1744483507 0.9841741934 0.02633903274 0.9844525632 0.173664637 0 0
-0.9991669937 0.02053926863 0.03526268844 0.03112644309 -0.1752345392 0.9840345527 0.02639059098 0.9843124477 0.1744492533 0 0
-0.9991663839 0.02056541894 0.03526472435 0.03109594623 -0.176274774 0.9838497071 0.02644956271 0.9841261442 0.1754883273 0 0
-0.9991653109 0.02057200727 0.03529127398 0.03109463821 -0.1772520364 0.9836741529 0.026491602 0.9839504602 0.1764644069 0 0
-0.9991648468 0.02059845102 0.03528898942 0.03106631345 -0.1780459207 0.9835316641 0.02654228942 0.9838065633 0.1772573072 0 0
-0.9991634518 0.02063512562 0.03530705586 0.03105721523 -0.1787997209 0.9833951948 0.02660537511 0.9836690762 0.1780092767 0 0
-0.9991630763 0.02064202703 0.03531364667 0.03104276736 -0.1795277011 0.9832630122 0.02663631948 0.9835363294 0.1787366644 0 0
-0.9991625917 0.02070953956 0.03528782006 0.03098462028 -0.1802883199 0.9831256659 0.02672206166 0.9833957681 0.1794956677 0 0.3329999885
-0.9991602827 0.0207862254 0.03530810661 0.03096414567 -0.1812660005 0.9829465188 0.02683190717 0.9832144069 0.1804701606 0 0.6669999948
-0.9991606042 0.0208540827 0.03525895861 0.03088439009 -0.1819659508 0.9828196921 0.02691173307 0.9830836689 0.1811691438 0 0.9999999975
-0.999161479 0.02095195884 0.035176046 0.03075876415 -0.1829241595 0.98264574 0.02702290174 0.9829037426 0.1821263174 0.3330000027 0.9999999975
-0.9991609158 0.02102589149 0.03514792038 0.03069732098 -0.1836606742 0.9825102703 0.02711344508 0.9827648084 0.1828611288 0.6670000019 0.9999999975
-0.9991602446 0.02119381971 0.03506604675 0.03055310054 -0.1848487666 0.9822919329 0.02730043362 0.9825384244 0.184046002 1.000000005 0.9999999975
-0.9991603318 0.02123785866 0.03503690607 0.03049543076 -0.1855999349 0.9821520722 0.02736165438 0.9823958558 0.1847964349 1.000000005 0.9999999975
-0.9991592269 0.02127004661 0.03504888689 0.03048115034 -0.1863205715 0.982016061 0.02741785603 0.9822587387 0.1855155827 1.000000005 0.9999999975
-0.9991589569 0.02130472546 0.03503551689 0.03044158858 -0.1870353416 0.9818814036 0.0274715936 0.9821221358 0.1862294871 1.000000005 0.9999999975
-0.9991604128 0.02133607302 0.03497486872 0.03035016518 -0.1879630053 0.9817070725 0.02751975521 0.9819443368 0.1871576406 1.000000005 1.333
-0.9991628232 0.02133054526 0.03490932061 0.03026715796 -0.188663892 0.9815751805 0.02752366211 0.9818100344 0.187860332 1.000000005 1.666999992
-0.9991639343 0.02131690598 0.03488584036 0.03022007879 -0.189611922 0.9813939402 0.02753505359 0.9816276833 0.1888091954 1.000000005 1.999999995
-0.9991681149 0.02128365713 0.03478626437 0.03010922417 -0.1903020572 0.9812637574 0.02750477904 0.9814948461 0.1895029133 1.000000005 1.999999995
-0.9991726956 0.02127014587 0.03466273471 0.02997169897 -0.1909724962 0.9811377085 0.02748857115 0.98136491 0.1901770014 1.000000005 1.999999995
-0.9991800024 0.02128419048 0.03444279462 0.02972407222 -0.1920076099 0.9809431978 0.02749186055 0.9811626068 0.1912175113 1.000000005 1.999999995
-0.9991866476 0.02124278947 0.03427516951 0.02954914214 -0.1926616763 0.9808202316 0.0274388693 0.9810352809 0.1918772682 1.000000005 1.999999995
-0.9991877193 0.0212535969 0.03423720395 0.02950497048 -0.1928342903 0.9807876392 0.02744737206 0.9810011321 0.1920505679 1.000000005 2.499999994
-0.9991933646 0.02123963381 0.03408075938 0.02933575913 -0.1934902316 0.9806635221 0.02742322812 0.9808722691 0.1927110748 1.000000005 2.999999992
-0.9991976999 0.02123234668 0.03395797337 0.02920065762 -0.1940628706 0.9805543962 0.02740945268 0.9807592924 0.1932871755 1.000000005 2.999999992
-0.9992004086 0.02122920543 0.03388014465 0.02910142691 -0.1949024739 0.9803908061 0.02741624183 0.9805928546 0.1941288314 1.000000005 2.999999992
-0.9992008315 0.02125224117 0.03385322056 0.02904685864 -0.1957483112 0.9802238921 0.02745866531 0.9804238578 0.1949745645 1.000000005 2.999999992
-0.9992068537 0.02119928474 0.03370836338 0.02889705403 -0.1963937049 0.9800992159 0.02739751273 0.9802959262 0.1956253391 1.000000005 2.999999992
-0.9992122853 0.02120816958 0.03354135454 0.02871317656 -0.1970496178 0.9799729596 0.0273927438 0.9801640994 0.196285445 1.000000005 2.999999992
-0.9992161947 0.02124149273 0.03340352133 0.0285535667 -0.1976892135 0.9798487989 0.027416967 0.9800345779 0.1969277433 1.000000005 2.999999992
-0.9992193052 0.02126072652 0.03329807223 0.02842920789 -0.1983025425 0.9797284735 0.02743283152 0.9799102424 0.1975433031 1.000000005 3.332999995
-0.9992231281 0.02128205856 0.0331694767 0.0282736598 -0.1992039179 0.9795501004 0.02745433231 0.979726938 0.1984474403 1.000000005 3.667000001
-0.9992253881 0.02127727934 0.03310439892 0.02819327994 -0.1998297275 0.979424943 0.02745474112 0.9795995903 0.1990750608 1.000000005 3.99999999
-0.9992268859 0.02127486835 0.03306070747 0.0281337772 -0.200441922 0.9793015503 0.0274612633 0.9794745611 0.1996884151 1.333 3.99999999
-0.9992258894 0.02131496559 0.03306499917 0.02811356705 -0.2010259631 0.9791824087 0.02751816266 0.9793539883 0.2002711071 1.666999999 3.99999999
-0.9992246982 0.02138917268 0.03305307616 0.02805743735 -0.2020751635 0.9789680324 0.02761852207 0.9791364213 0.2013183689 2.000000002 3.99999999
-0.9992262505 0.02139600029 0.03300168941 0.02798562044 -0.2027874078 0.9788227992 0.02763521994 0.9789890083 0.2020317208 2.000000002 4.332999993
-0.9992255712 0.02146508788 0.0329773826 0.02793215175 -0.2033418487 0.9787092967 0.02771376301 0.9788724854 0.2025848088 2.000000002 4.666999999
-0.999224594 0.0215866241 0.03292762356 0.02783274181 -0.2042573478 0.9785214736 0.02784868428 0.9786791883 0.2034981505 2.000000002 5.000000002
-0.9992235263 0.02164684305 0.03292049156 0.02779244082 -0.2049954111 0.9783682649 0.02792713398 0.9785235284 0.2042346189 2.000000002 5.000000002
-0.9992236197 0.02170281514 0.03288078069 0.02771998544 -0.2057693182 0.9782078461 0.02799571987 0.9783598395 0.2050079613 2.000000002 5.000000002
-0.9992220076 0.02176166621 0.03289087051 0.02770252168 -0.2063016108 0.9780962201 0.02807044303 0.9782464287 0.2055382567 2.332999998 5.33299999
-0.9992193158 0.0218580873 0.03290870708 0.02767954855 -0.2070167769 0.9779457534 0.02818867812 0.9780931848 0.2062501402 2.667000004 5.666999996
-0.9992183406 0.02189374074 0.03291461545 0.02766358269 -0.2075153019 0.9778405421 0.02823887367 0.97798674 0.2067474363 3 5.999999999
-0.999219265 0.02193732589 0.03285748183 0.02758406356 -0.2080199208 0.9777355634 0.02828391445 0.977878554 0.2072523917 3 5.999999999
-0.9992204467 0.02196455181 0.03280331277 0.02750996228 -0.2085536424 0.9776239462 0.02831432218 0.9777642541 0.2077868198 3 5.999999999
-0.9992221222 0.02199151747 0.03273413627 0.0274229846 -0.2090260435 0.9775254948 0.02833955599 0.9776627672 0.2082603738 3 5.999999999
-0.999224772 0.02202975441 0.03262736642 0.02729453813 -0.2095784517 0.9774108045 0.02837011292 0.9775436371 0.2088146887 3 6.333000002
-0.9992267568 0.02205524 0.03254926931 0.02719971257 -0.2100298581 0.9773165477 0.02839126943 0.977446175 0.2092675578 3 6.666999994
-0.9992280572 0.02209629508 0.03248143135 0.02710820192 -0.2105993742 0.9771965253 0.02843299189 0.9773226987 0.2098378127 3 6.999999997
-0.9992292168 0.0221479636 0.03241049308 0.02701457801 -0.2110592904 0.9770998867 0.02848130839 0.9772223103 0.2102982915 3 6.999999997
-0.9992328438 0.02215251893 0.03229535335 0.02688632724 -0.2115639434 0.9769942801 0.02847541659 0.9771130762 0.2108060409 3 6.999999997
-0.9992346703 0.02216235918 0.03223202518 0.02680108327 -0.2122928845 0.9768384888 0.02849167505 0.9769547385 0.2115364353 3 6.999999997
-0.9992373474 0.02216203369 0.0321491499 0.02670521253 -0.212804709 0.9767297412 0.02848780792 0.9768433856 0.2120505712 3 6.999999997
-0.9992393321 0.02215475673 0.03209242913 0.02663659288 -0.2133096657 0.9766214612 0.02848243622 0.9767334095 0.2125572807 3 6.999999997
-0.9992405125 0.02215482243 0.03205560822 0.02658763916 -0.2137538363 0.9765256755 0.02848676217 0.9766362994 0.2130024485 3 6.999999997
-0.999243049 0.02211930749 0.03200101817 0.02652513536 -0.2143279544 0.9764015286 0.02845603841 0.9765112719 0.2135790011 3 6.999999997
-0.9992455583 0.02207916593 0.03195034705 0.02647028549 -0.2148062102 0.9762979136 0.0284189766 0.9764070885 0.2140597096 3.333000002 6.999999997
-0.9992492288 0.02202239227 0.03187464521 0.0263956188 -0.2152491971 0.9762023635 0.02835930317 0.9763108098 0.2145062995 3.667000001 6.999999997
-0.9992526135 0.02193153646 0.03183114873 0.02635570394 -0.2158336305 0.9760743931 0.02827704353 0.9761838206 0.2150942983 4.000000004 6.999999997
-0.9992563211 0.0218214231 0.03179040958 0.02632451217 -0.2163568232 0.9759593973 0.02817489496 0.9760704639 0.2156214849 4.000000004 6.999999997
-0.9992568783 0.02176681885 0.03181032461 0.02634250187 -0.2168162541 0.9758569488 0.02813829685 0.9759697319 0.2160817408 4.000000004 6.999999997
-0.9992570121 0.02179486589 0.03178690864 0.0262997003 -0.2172968021 0.9757512109 0.02817356038 0.9758622257 0.2165621547 4.000000004 6.999999997
-0.999258745 0.02183677186 0.03170356308 0.02619287585 -0.2178627686 0.9756278734 0.02821158932 0.9757350918 0.2171293089 4.000000004 6.999999997
-0.9992596015 0.02186620532 0.03165624656 0.02612935988 -0.2182402407 0.9755452085 0.0282401387 0.9756500737 0.217507306 4.000000004 6.999999997
-0.9992622308 0.02186922222 0.03157104933 0.02603323274 -0.2186651482 0.9754526251 0.02823587841 0.9755548627 0.2179344973 4.000000004 6.999999997
-0.9992704926 0.02175277016 0.03138948273 0.02586765848 -0.2191419656 0.9753500208 0.02809531777 0.9754504682 0.2184194067 4.000000004 6.999999997
-0.9992773089 0.02167326598 0.03122706443 0.02571396116 -0.2195791183 0.9752557629 0.02799378883 0.9753539257 0.2188631249 4.000000004 6.999999997
-0.99926189 0.02164582644 0.03173536623 0.02632846653 -0.2156651449 0.9761123691 0.02797297129 0.9762274343 0.2149360589 4.000000004 6.999999997
-0.9992432874 0.02199951168 0.03207606646 0.02668775356 -0.2121319267 0.976876558 0.02829516503 0.9769933813 0.2113842863 4.000000004 6.999999997
-0.999213183 0.02266165617 0.03254941186 0.02726200941 -0.203627443 0.9786688139 0.02880620968 0.978786143 0.2028494232 4.000000004 6.999999997
-0.9992381653 0.02241180708 0.03194995838 0.02702044187 -0.1934192452 0.9807440498 0.02815998328 0.980860187 0.1926663148 4.000000004 6.999999997
-0.999220033 0.02281433751 0.03223091277 0.02758004498 -0.1809360863 0.9831080682 0.02826069449 0.9832302063 0.1801657417 4.000000004 6.999999997
-0.9992337539 0.02228704462 0.03217440964 0.02808667427 -0.1642056091 0.9860261947 0.02725882833 0.9861743282 0.1634538183 4.000000004 6.999999997
-0.9992261878 0.02185350275 0.03270244742 0.02918839943 -0.1453070242 0.9889559677 0.02636404728 0.9891452336 0.1445567151 4.333 6.666999994
-0.9991677165 0.02282070178 0.03380961324 0.03056866401 -0.1298846262 0.9910577888 0.02700798322 0.9912664624 0.129078927 4.666999999 6.333000002
-0.9992019425 0.023041252 0.03262788378 0.03002704437 -0.10538942 0.9939775887 0.02634112185 0.9941640563 0.1046134525 5.000000002 5.999999999
-0.9991998512 0.02287511334 0.03280833112 0.0306603459 -0.08864930528 0.9955909019 0.02568269048 0.9958001958 0.08787701376 5.5 5.999999999
-0.9992501434 0.02220553502 0.03171853096 0.02997136141 -0.07502459736 0.996731171 0.02451261893 0.9969344131 0.07430280955 5.999999999 5.999999999
-0.9991776472 0.02422621078 0.03251338264 0.03087627477 -0.0651329683 0.9973987929 0.02628088651 0.9975824714 0.06433139088 6.333000002 5.999999999
-0.9992958431 0.02076415836 0.03125168191 0.03007174173 -0.05489448378 0.9980392207 0.02243898937 0.998276237 0.05423141504 6.667000001 5.999999999
-0.9992187684 0.0211210669 0.03340289532 0.03233416943 -0.04906339121 0.9982721498 0.02272343218 0.998572323 0.04834212918 7.000000004 5.999999999
-0.9992218269 0.02194307601 0.03277563097 0.0317834236 -0.04413372914 0.9985199186 0.02335710929 0.9987846191 0.04340195938 7.000000004 5.666999996
-0.9993323328 0.02095704327 0.0299280961 0.028978105 -0.0442542199 0.9985999366 0.02225214662 0.9988004637 0.04361737741 7.000000004 5.33299999
-0.9993410942 0.02075221829 0.02977789133 0.02886636698 -0.04291994988 0.9986614095 0.02200250517 0.9988629652 0.04229262852 7.000000004 5.000000002
-0.9992934567 0.02144337376 0.03086695973 0.02988748859 -0.04458666076 0.9985583447 0.02278871447 0.9987753558 0.04391426976 7.332999999 4.666999999
-0.9993671844 0.01929782504 0.02988017354 0.02893965603 -0.04730341829 0.9984612576 0.02068156501 0.9986941376 0.04671501153 7.666999998 4.332999993
-0.9992962311 0.02099746287 0.03108293704 0.0299339107 -0.052981993 0.9981467174 0.02260538459 0.9983746867 0.05231616974 8.000000001 3.99999999
-0.9993470106 0.02094386659 0.02944328145 0.02814533014 -0.05977838862 0.9978148048 0.02265817208 0.9979919332 0.05914988192 8.999999999 3.99999999
-0.9993873514 0.02128681992 0.02778116426 0.02632014492 -0.06608628302 0.9974667178 0.02306884828 0.9975868255 0.06548552317 10 3.99999999
-0.9993521605 0.02059096983 0.02951730387 0.02790438779 -0.07464965559 0.9968193287 0.02272893329 0.9969972121 0.07402671619 10.333 3.99999999
-0.9994226507 0.01919498258 0.02803422848 0.02639469226 -0.08090986749 0.9963718751 0.0213935865 0.9965365753 0.08035650857 10.667 3.99999999
-0.9993417342 0.02119557501 0.02944224513 0.02751103421 -0.08626266688 0.9958925119 0.02364828102 0.9960469366 0.08562277093 11 3.99999999
-0.9993977587 0.02100704982 0.02761926608 0.02556988604 -0.0922516054 0.995407365 0.02345849374 0.995514111 0.09165889979 11.333 3.99999999
-0.9994218774 0.0204458068 0.02716394757 0.02500831053 -0.09917181039 0.9947560185 0.02303248722 0.994860252 0.09860316183 11.667 3.99999999
-0.9994083153 0.02099924678 0.02724061032 0.02474862579 -0.1109575774 0.9935169458 0.02388565965 0.9936032647 0.110372223 12 3.99999999
-0.9993988856 0.02073344662 0.02778473746 0.02510251372 -0.1199877512 0.9924579605 0.02391090232 0.9925588465 0.1193951632 12.5 3.99999999
-0.9993746823 0.02136161608 0.02817668691 0.02515856671 -0.1303487183 0.9911489586 0.02484533856 0.9912380607 0.1297297813 13 3.99999999
-0.9993633532 0.02274537039 0.02748702078 0.02409664137 -0.1378423803 0.9901610122 0.02631045534 0.9901929743 0.1372065363 13.333 3.667000001
-0.9993951719 0.02278776565 0.02626800409 0.02266668328 -0.1459895775 0.9890264227 0.02637255716 0.9890236403 0.1453847558 13.667 3.332999995
-0.9993345701 0.02407342036 0.02740232662 0.02336862937 -0.1542638753 0.987753291 0.02800578929 0.9877363652 0.1535986607 14 2.999999992
-0.9994124275 0.0218599036 0.02639970332 0.02247905705 -0.1634140946 0.9863014375 0.02587453797 0.9863153544 0.162826687 14.333 3.332999995
-0.9993536159 0.02292172282 0.02769377103 0.02334721874 -0.1719539755 0.9848282783 0.02733601485 0.9848382735 0.1713076687 14.667 3.667000001
-0.9993645321 0.02313938221 0.02711274541 0.02253137614 -0.1793150477 0.9835336551 0.0276200844 0.9835195385 0.1786797367 15 3.99999999
-0.9994173366 0.02195504923 0.02613356368 0.02157612713 -0.1868968679 0.9821425719 0.02644726972 0.9821341744 0.186314265 15.333 3.99999999
-0.9993501255 0.02284951811 0.02787877647 0.02294835535 -0.1931319657 0.9809043872 0.02779747546 0.9809066945 0.1924820953 15.667 3.99999999
-0.9993453215 0.02349685576 0.02751047275 0.02224513019 -0.2006099149 0.9794186113 0.02853213144 0.9793893811 0.1999558893 16 3.99999999
-0.9994166279 0.02188957344 0.02621546339 0.02111593406 -0.2072525133 0.9780595652 0.02684252736 0.9780425565 0.2066693892 16.333 3.99999999
-0.9994062701 0.02273036948 0.02589280886 0.02035989323 -0.2166500118 0.9760370112 0.02779535924 0.9759846836 0.2160585923 16.667 3.99999999
-0.9993485331 0.02400363997 0.0269505977 0.0209722185 -0.221490515 0.9749369815 0.02937133806 0.9748670561 0.2208428117 17 3.99999999
-0.9993071953 0.02499607301 0.02757400561 0.021131249 -0.2288167391 0.9732401401 0.03063657564 0.9731485479 0.2281300155 17.5 3.99999999
-0.9993541697 0.02427150746 0.02649787597 0.02011392588 -0.2332239538 0.9722150057 0.02977706316 0.9721200961 0.2325851354 18 3.99999999
-0.9993077619 0.02471601854 0.02780495425 0.02111275563 -0.2386039634 0.9708874292 0.03063084398 0.9708023831 0.2379169694 18.333 3.99999999
-0.999339318 0.02559896307 0.0257996243 0.01877333498 -0.2442514203 0.9695301984 0.03112056262 0.9693739922 0.2436094699 18.667 3.99999999
-0.9993179696 0.02601294228 0.02620920542 0.01904315052 -0.2450672221 0.9693190471 0.03163785759 0.9691570479 0.2444047105 19 3.99999999
-0.9992653433 0.02614161791 0.02802480173 0.02076816858 -0.2452061515 0.9692484854 0.03220957734 0.9691184443 0.2444830957 19.667 3.99999999
-0.9992650442 0.0264853601 0.0277109566 0.02035266027 -0.2460110864 0.9690533084 0.03248292837 0.9689050888 0.2452912316 20.333 3.99999999
-0.9993496052 0.02531210706 0.02568392026 0.0186981908 -0.2452837746 0.9692709877 0.03083413991 0.9691208218 0.2446509527 21 3.99999999
-0.9991268218 0.02931695453 0.02976760278 0.02176752113 -0.2428790427 0.969812325 0.0356618707 0.9696134729 0.2420288085 21.333 3.99999999
-0.9992954902 0.02586826881 0.02719110031 0.0201331123 -0.2419433141 0.9700814866 0.03167303359 0.9699454961 0.2412520539 21.667 3.99999999
-0.9993540982 0.02423844308 0.02653081593 0.01989997293 -0.241480805 0.9702015316 0.02992285738 0.9701028392 0.2408424878 22 3.99999999
-0.999226734 0.02685893688 0.02871465745 0.02142002814 -0.2405597777 0.9703979471 0.03297144882 0.9702626401 0.2397984419 22.333 3.99999999
-0.9992848743 0.02691733641 0.02655554664 0.01932558132 -0.2400709005 0.970562973 0.03250018405 0.9703820999 0.2393790265 22.667 3.99999999
-0.9993475099 0.02411863147 0.02688579749 0.02042391609 -0.2365870534 0.9713956093 0.02978956432 0.9713108966 0.2359400858 23 3.99999999
-0.9993404907 0.02474947623 0.02657154504 0.02007375547 -0.2332428951 0.972211292 0.03025934436 0.9721035003 0.2325922543 24 3.499999991
-0.9993010504 0.02463829152 0.02811343422 0.02171611433 -0.2295260198 0.9730602328 0.03042730634 0.9729906273 0.2288305447 25 2.999999992
-0.9992737816 0.02519301187 0.02858708646 0.02198606651 -0.2315353233 0.972578021 0.03112108993 0.9725002346 0.2308132829 25.5 2.999999992
-0.9992881454 0.02559393554 0.02771557342 0.02107713362 -0.2305434748 0.9728337272 0.0312882883 0.9727253758 0.2298399145 26 2.999999992
-0.9990891064 0.03189747343 0.02834622789 0.02036046465 -0.2274560606 0.973575468 0.03750211895 0.9732657868 0.226599425 26.333 2.66699999
-0.9992384792 0.02611739372 0.02898867796 0.02240709437 -0.2241298115 0.9743016728 0.03194344732 0.9742092739 0.2233739171 26.667 2.332999998
-0.9993681244 0.02315174133 0.02696940611 0.02114117939 -0.2227759853 0.9746404008 0.02857275847 0.9745947144 0.2221457634 27 1.999999995
-0.9992755537 0.02580631765 0.02797144697 0.02157854623 -0.2212187126 0.9749854602 0.03134859198 0.9748827187 0.2205015887 27.333 1.999999995
-0.9993601579 0.02459480303 0.02596864242 0.01993525136 -0.2197952177 0.9753423235 0.02969613575 0.9752359499 0.2191642799 27.667 1.999999995
-0.9993382215 0.02512096419 0.02630696283 0.0202425785 -0.2168113028 0.9760036357 0.03022179927 0.9758902582 0.2161593086 28 1.999999995
-0.9993483309 0.02463951659 0.02637816744 0.0205482207 -0.2124766693 0.9769500681 0.02967632257 0.9768554444 0.2118319066 28.5 1.999999995
-0.9994680221 0.02366250814 0.02244456448 0.01705668186 -0.2073290979 0.9781225459 0.02779824401 0.9779850361 0.2068151996 29 1.999999995
-0.9992979371 0.02521428615 0.02771051532 0.02193213428 -0.2059513305 0.9783164268 0.03037456783 0.9782373379 0.2052537366 29.5 1.999999995
-0.9993423069 0.02498051915 0.02628549471 0.02067909662 -0.2028657773 0.9789881773 0.02978806022 0.9788878639 0.2022157793 30 1.999999995
-0.9993334065 0.024003514 0.02750588828 0.02218917653 -0.1989243425 0.9797636176 0.02898936045 0.9797208466 0.1982591227 30.667 1.999999995
-0.999323827 0.0247182855 0.02721938974 0.02174189988 -0.1997365148 0.9796083985 0.02965094611 0.979537815 0.1990640359 31.333 1.999999995
-0.9991450716 0.0284847219 0.02996241806 0.02372738215 -0.198392095 0.9798354903 0.03385464834 0.9797087308 0.1975466161 32 1.999999995
-0.9991849593 0.02832595221 0.02875860834 0.02259467089 -0.1979110002 0.9799595486 0.03344993229 0.9798106329 0.1971096791 32.333 1.999999995
-0.9993755528 0.02434868225 0.02560558826 0.02037351117 -0.1949946731 0.9805926767 0.02886909281 0.980502024 0.1943768411 32.667 1.999999995
-0.999263761 0.02507715324 0.02903570671 0.02366589386 -0.1927775189 0.9809570601 0.03019704202 0.9809219972 0.1920421153 33 1.999999995
-0.9993381739 0.02495433076 0.02646687671 0.02118452588 -0.1922213034 0.9811229211 0.02957076343 0.9810342766 0.1915654406 33.333 1.666999992
-0.9992924512 0.02601997305 0.02715801898 0.02180139214 -0.1876627081 0.9819915515 0.03064794109 0.9818888272 0.1869626559 33.667 1.333
-0.9992784466 0.02714032996 0.02657044729 0.02118149431 -0.1824636876 0.9829844083 0.03152666298 0.9828379344 0.1817571575 34 0.9999999975
-0.9993172889 0.02452204904 0.02763376982 0.02298474215 -0.1729430187 0.9846636044 0.02892503677 0.9846265187 0.1722613156 35 0.4999999987
-0.9993544523 0.02381363788 0.02689961473 0.0226701887 -0.1628470158 0.9863908515 0.02787007653 0.9863639086 0.1622020306 36 0
-0.9993230754 0.0244213778 0.02751340289 0.02352965737 -0.1506109087 0.9883130624 0.0282797853 0.9882914299 0.1499343298 36.333 0
-0.9993402165 0.02325969813 0.02789476777 0.02424589726 -0.1446021604 0.9891927778 0.02704196909 0.9892164584 0.143942802 36.667 0
-0.9991924803 0.02680904925 0.02992761677 0.02600431424 -0.1363231469 0.9903230661 0.03062944675 0.9903016078 0.1355159123 37 0
-0.9993723175 0.02449044273 0.02559666589 0.02218740004 -0.1305696102 0.9911908475 0.02761684938 0.9911366178 0.1299442747 37.333 -0.3330000027
-0.9992093279 0.02637727605 0.029748249 0.02623634255 -0.124729331 0.9918438629 0.02987261856 0.9918401249 0.1239386677 37.667 -0.667000009
-0.9993175345 0.02398121175 0.0280956708 0.02505493019 -0.1188373435 0.9925975701 0.02714250739 0.9926240916 0.1181553936 38 -1.000000012
-0.9992597117 0.02480950528 0.02940266964 0.02637373431 -0.114645441 0.9930563171 0.02800811797 0.9930966274 0.1139062511 38.25 -1.000000012
-0.9993054188 0.02353113912 0.0288957694 0.02614928088 -0.1096607425 0.9936250483 0.02654986077 0.9936904986 0.1089692518 38.5 -1.000000012
-0.9992828468 0.02414703972 0.02916697823 0.0264687638 -0.1053764915 0.994080077 0.02707760494 0.9941391832 0.1046617781 38.75 -1.000000012
-0.9993165033 0.0245154451 0.02766801804 0.02489327522 -0.1070414521 0.9939428819 0.02732857698 0.9939522727 0.1063580199 39 -1.000000012
-0.9992605564 0.02492293791 0.02927776628 0.02648106611 -0.1059706686 0.9940165846 0.02787639809 0.9940568719 0.1052323233 39.5 -1.000000012
-0.999262121 0.02466602386 0.0294414814 0.02666732752 -0.1061018916 0.9939976068 0.02764176555 0.9940492824 0.1053658243 40 -1.000000012
-0.9992609823 0.02484008365 0.02933358972 0.02654974002 -0.1058126623 0.9940315849 0.02779569295 0.9940757772 0.1050749671 40.333 -1.000000012
-0.9992020458 0.02562582721 0.03063639303 0.02772038503 -0.1072917561 0.9938410634 0.02875503178 0.9938972764 0.1064957844 40.667 -1.000000012
-0.9992710499 0.02560551263 0.02831477539 0.02532544608 -0.1103555711 0.9935694589 0.02856554853 0.9935622807 0.1096266563 41 -1.000000012
-0.9992471225 0.02579052108 0.02898339538 0.02588896471 -0.1131435834 0.9932413055 0.02889549604 0.9932438666 0.1123907102 41.667 -1.000000012
-0.9992853777 0.02581062319 0.02761422736 0.02442729899 -0.1165384466 0.9928857424 0.02884511893 0.9928507452 0.1158246818 42.333 -1.000000012
-0.9993077541 0.02611041871 0.02650016463 0.02308659939 -0.1233273341 0.9920974638 0.02917227484 0.992022487 0.1226391605 43 -1.000000012
-0.9992530895 0.02553387204 0.02900490549 0.02551885961 -0.1276125066 0.9914957569 0.02901811448 0.9914953704 0.1268655962 43.5 -1.000000012
-0.9992231836 0.02630269223 0.02934616941 0.02568349266 -0.1301486672 0.9911617843 0.0298895882 0.9911455457 0.1293720206 44 -1.000000012
-0.9991902828 0.02714896351 0.02969364528 0.02578475421 -0.1344506782 0.9905847574 0.03088568018 0.9905483072 0.1336417818 44.333 -1.333
-0.9992079434 0.0272684369 0.02898134156 0.02490206216 -0.1395830133 0.9898972016 0.03103825236 0.9898348422 0.1387934153 44.667 -1.667000006
-0.9992096559 0.02731147893 0.02888159846 0.02461846653 -0.1452645662 0.9890865164 0.03120888843 0.9890158183 0.1444773905 45 -2.000000009
-0.999228113 0.02614501 0.02931921811 0.02502843503 -0.1515462511 0.9881332457 0.03027797118 0.9881043327 0.1507749059 45.333 -2.000000009
-0.9992573165 0.02519412867 0.02915598125 0.02490848786 -0.1549791841 0.9876036754 0.02940038426 0.9875964299 0.154236536 45.667 -2.000000009
-0.9992413708 0.02521906544 0.0296762815 0.02515500997 -0.1637712074 0.9861775789 0.02973059735 0.9861759429 0.1630125799 46 -2.000000009
-0.9991288699 0.02879444968 0.03020564444 0.02493754901 -0.1683979271 0.985403601 0.03346072231 0.985298441 0.1675331676 46.5 -2.500000008
-0.9992517972 0.02625440704 0.02839985891 0.02344968859 -0.1726656749 0.9847013135 0.0307564299 0.984630525 0.1719208283 47 -3.000000007
-0.9992025773 0.02683319059 0.02956669436 0.02440197507 -0.1757216861 0.9841374054 0.03160305595 0.9840741176 0.1749267788 47.5 -3.000000007
-0.9992631854 0.02561758072 0.02858016657 0.02353896132 -0.1791089202 0.9835476155 0.0303150732 0.9834956707 0.1783739389 48 -3.000000007
-0.9991893769 0.02854817191 0.02838293528 0.02275927805 -0.180958951 0.9832272745 0.03320548745 0.9830762229 0.1801625257 48.333 -3.000000007
-0.9991783157 0.02841878577 0.02889750969 0.0231953131 -0.1837309825 0.9827028562 0.03323658979 0.9825656714 0.182920831 48.667 -3.000000007
-0.9991451883 0.02887822675 0.02957939541 0.02372835536 -0.1852842354 0.9823984514 0.0338505209 0.9822605561 0.1844406194 49 -3.000000007
-0.999297172 0.0252317356 0.027722221 0.02249504526 -0.1879333001 0.9819241557 0.02998557915 0.9818576446 0.1872336263 49.333 -3.000000007
-0.9992385414 0.02605312503 0.0290443135 0.02359547926 -0.1893495305 0.9816262062 0.03107395741 0.9815640529 0.1885906127 49.667 -3.000000007
-0.9992153466 0.02688090663 0.02908793671 0.02350861528 -0.1885331738 0.981785408 0.03187532291 0.9816988638 0.1877533077 50 -3.000000007
-0.9991527737 0.02747213747 0.03064337446 0.02498332669 -0.1868089196 0.9820785411 0.03270425236 0.9820120718 0.1859643047 50.333 -3.333000009
-0.9992106967 0.02610802437 0.02993918394 0.02450228429 -0.188154957 0.9818336673 0.03126694318 0.9817922811 0.1873667394 50.667 -3.667000001
-0.9991766175 0.02617941971 0.03099556525 0.0255042641 -0.1888597805 0.9816728151 0.0315534403 0.9816550419 0.1880365898 51 -4.000000004
-0.9992398767 0.0249677309 0.02993795719 0.02471809403 -0.1880515412 0.9818480706 0.0301443974 0.9818417542 0.1872914441 52 -4.000000004
-0.9991846975 0.02617877346 0.0307345414 0.02522275504 -0.1896440682 0.9815288789 0.03152384563 0.9815038458 0.1888291501 53 -4.000000004
-0.999181442 0.02701340761 0.03011182146 0.02440590909 -0.1910862032 0.981269797 0.03226139463 0.9812014771 0.1902705013 53.333 -4.333000007
-0.9991854549 0.02696760811 0.03001957254 0.02433900714 -0.1906298857 0.9813602088 0.03218756521 0.9812914933 0.1898182443 53.667 -4.666999999
-0.9992230693 0.02639617133 0.0292660197 0.02368976955 -0.1911817407 0.9812687383 0.03149686633 0.9811996658 0.1904078866 54 -5.000000002
-0.9991429183 0.02722938927 0.03117674152 0.02542770208 -0.1905730756 0.9813436375 0.03266283543 0.9812952987 0.1897173581 54.333 -5.333000004
-0.9992203126 0.02590922957 0.02979058154 0.02435193465 -0.1894701003 0.9815844662 0.03107652175 0.9815445955 0.188691433 54.667 -5.667000011
-0.9990284402 0.02943542855 0.03279834274 0.02665773415 -0.1890061709 0.9816139937 0.03509331774 0.9815346265 0.1880378582 55 -5.999999999
-0.9991902683 0.02668669385 0.03011026627 0.02451883432 -0.1894803574 0.9815783315 0.03190038444 0.9815217851 0.1886726025 55.333 -5.999999999
-0.9992115412 0.02707777951 0.02903600965 0.02343490378 -0.1880950218 0.9818712075 0.03204842093 0.9817774985 0.1873121514 55.667 -5.999999999
-0.9992153539 0.02688092981 0.02908766278 0.0233989108 -0.1918980772 0.981135882 0.03195571134 0.9810466572 0.1911185206 56 -5.999999999
-0.9991765219 0.02783786309 0.0295183257 0.02370165805 -0.1900250951 0.9814930945 0.03293189303 0.9813844897 0.1892088101 56.5 -5.999999999
-0.99918208 0.0268275829 0.0302564352 0.02461281787 -0.1901842697 0.9814398365 0.03208395661 0.9813817934 0.1893684118 57 -5.999999999
-0.9992050613 0.02671720338 0.02958777533 0.02406113258 -0.1875872032 0.9819532082 0.03178533159 0.981884531 0.1867952367 57 -6.333000002
-0.9992132287 0.02787004409 0.02821673729 0.02241667903 -0.1900351339 0.9815213397 0.03271721446 0.9813816325 0.1892608659 57 -6.667000008
-0.9991325866 0.0291792204 0.02970938423 0.02308825457 -0.2055748323 0.9783690106 0.03465554667 0.978206298 0.2047228166 57 -7.000000011
-0.9991886897 0.02679396024 0.03006735991 0.02285931737 -0.2373428299 0.9711569557 0.03315741315 0.9710563654 0.2365377796 57.5 -6.499999998
-0.9992327319 0.02639164692 0.02893835723 0.02092517908 -0.2648335516 0.9640670759 0.0331071658 0.9639329183 0.2640781033 58 -5.999999999
-0.9992405913 0.02605315559 0.02897367268 0.02036426406 -0.2847647705 0.9583810945 0.03321953302 0.9582433191 0.2840179643 58.333 -5.999999999
-0.9992091667 0.02646541984 0.02967528963 0.02066419557 -0.2919889972 0.956198419 0.03397105067 0.9560554414 0.291211196 58.667 -5.999999999
-0.9991747078 0.02727417695 0.03010020875 0.02084713088 -0.2916589653 0.9562951663 0.03486115932 0.9561334464 0.2908496731 59 -5.999999999
-0.9991397787 0.0281660175 0.03043645861 0.02097946718 -0.289784336 0.9568620071 0.03577100099 0.9566774347 0.2889441493 59.333 -6.333000002
-0.9991744982 0.0277705496 0.0296499351 0.02039898825 -0.2881953981 0.9573543199 0.03513123047 0.9571688509 0.2873910012 59.667 -6.667000008
-0.9991169022 0.0285057715 0.03086805461 0.02146662372 -0.285229433 0.9582188449 0.03611924515 0.9580352768 0.2843656248 60 -7.000000011
-0.9991640383 0.0274993455 0.03024914236 0.02131330827 -0.2810101731 0.9594680951 0.03488506138 0.9593107258 0.2801891573 60.333 -7.000000011
-0.9991375416 0.02839569961 0.03029615707 0.02124049986 -0.2774244339 0.9605126364 0.03567932252 0.9603277397 0.2765820281 60.667 -7.000000011
-0.999094299 0.03000779302 0.03016809721 0.02085669393 -0.2726208919 0.9618954453 0.03708881299 0.9616534624 0.2717481155 61 -7.000000011
-0.9991310191 0.02889611601 0.03003699754 0.02123488898 -0.2672101599 0.9634042817 0.0358648328 0.963204934 0.2663643536 61.5 -7.000000011
-0.9991512576 0.0281199353 0.03010039324 0.02170452338 -0.2616706951 0.9649131365 0.03500968579 0.9647474885 0.2608382743 62 -7.000000011
-0.9991122413 0.02870457956 0.03083466345 0.02252944682 -0.2544051841 0.9668352633 0.03559709797 0.9666716347 0.2535326354 62.333 -7.000000011
-0.9990147124 0.02882583162 0.03374427021 0.02559610411 -0.2469050395 0.9687015747 0.03625525885 0.968610847 0.2459239381 62.667 -7.000000011
-0.9990670398 0.03003813397 0.03102838296 0.02309938473 -0.2353763517 0.9716297605 0.0364892925 0.9714400051 0.2344628926 63 -7.000000011
-0.9990006183 0.03136251791 0.03184583198 0.0240140266 -0.2243088053 0.9742221956 0.03769736158 0.9740133225 0.2233314949 63.5 -7.500000009
-0.9989666038 0.03141972093 0.03284091268 0.02499581802 -0.2236885265 0.9743401111 0.03795962975 0.9741541173 0.222672006 64 -8.000000008
-0.9991219953 0.02864116286 0.03057649926 0.02338864539 -0.2242021434 0.9742619618 0.03475931219 0.9741216981 0.2233354149 64.333 -8.000000008
-0.9990934674 0.02989523548 0.03030706799 0.02289473031 -0.2228676706 0.9745798237 0.03588975897 0.9743902074 0.2219811905 64.667 -8.000000008
-0.9990646528 0.03015206825 0.0309947146 0.02353839647 -0.2220630613 0.9747481422 0.03627345372 0.9745659801 0.2211456239 65 -8.000000008
-0.9990479915 0.0304367752 0.03125241474 0.02377339985 -0.2208216857 0.9750244144 0.03657780982 0.974839159 0.2198878759 65.333 -8.000000008
-0.9990118024 0.03098284947 0.03186662358 0.02412598182 -0.22413179 0.9742601694 0.03732767956 0.9740662215 0.2231628118 65.667 -8.000000008
-0.9990781756 0.0293142186 0.03136041521 0.02349423957 -0.2380270251 0.9709743334 0.0359279802 0.9708160546 0.2371188907 66 -8.000000008
-0.9990861153 0.02756173982 0.03266932483 0.02393866197 -0.2723883742 0.961889554 0.03541009389 0.9617925577 0.2714796514 66.333 -8.333000011
-0.9991306544 0.02665762721 0.03205161945 0.02334123829 -0.2793159356 0.9599155144 0.03454159801 0.9598291405 0.2784508915 66.667 -8.667000003
-0.9991278061 0.02859192297 0.03043236953 0.02123900306 -0.2795116885 0.9599073501 0.03595180001 0.9597164779 0.2786606361 67 -9.000000006
-0.9990924467 0.02860822566 0.03155712933 0.0222797481 -0.280445583 0.9596113212 0.03630283476 0.9594435077 0.2795536797 67.333 -9.000000006
-0.9990531639 0.02906925883 0.0323690255 0.02326971753 -0.2716072832 0.9621268128 0.03675997642 0.9619690545 0.2706736822 67.667 -9.000000006
-0.9990570457 0.02869178854 0.03258528468 0.02414026485 -0.2567235508 0.9661833501 0.03608693836 0.9660589007 0.2557888449 68 -9.000000006
-0.9990586971 0.02853719673 0.03267029466 0.02456275269 -0.248613427 0.9682912966 0.03575459313 0.9681823136 0.2476784543 68.5 -9.500000004
-0.9990871351 0.02946179142 0.03093378905 0.02302034009 -0.2386811211 0.970825106 0.03598555822 0.9706509802 0.237785017 69 -10
-0.9990815881 0.02970733404 0.03087806114 0.02318492702 -0.231225851 0.9726238045 0.03603386621 0.9724464408 0.230324728 69.667 -10.33300001
-0.9991306409 0.02919879717 0.02975554898 0.02244646725 -0.2246729095 0.974175672 0.03513002362 0.9739966704 0.2238221782 70.333 -10.667
-0.9990558874 0.02960034745 0.03179863587 0.02452592628 -0.2198616384 0.9752227125 0.03585823132 0.9750818834 0.2189280884 71 -11
-0.9990901983 0.02969916691 0.03060612802 0.02348231148 -0.2159728369 0.9761169575 0.03559995274 0.9759475873 0.2150789393 71.667 -11
-0.9991236689 0.02967608856 0.02951650482 0.02270875623 -0.208046727 0.9778552407 0.03515973094 0.9776685988 0.2071905021 72.333 -11
-0.9990387024 0.03082826235 0.03116551387 0.02432287002 -0.2016467678 0.9791562587 0.03647011117 0.978973033 0.2007030934 73 -11
-0.9990499816 0.03048381045 0.03114276104 0.0246212046 -0.194812901 0.9805313508 0.03595734347 0.9803666003 0.1938772771 73 -11.333
-0.9991585427 0.02818051634 0.02980041974 0.02396366667 -0.1885575062 0.9817697335 0.03328587085 0.9816577435 0.1877235346 73 -11.66700001
-0.999108442 0.02845868246 0.03118372312 0.02546350348 -0.1829444237 0.9827934411 0.03367389471 0.9827112705 0.1820566603 73 -12
-0.9990942963 0.0292062651 0.03094480913 0.02523712811 -0.1787936435 0.9835628706 0.03425893311 0.9834530122 0.1778946272 73.333 -12.333
-0.9991473385 0.02968922034 0.02869052246 0.02302289584 -0.1761830661 0.9840881431 0.03427159393 0.983909588 0.1753493098 73.667 -12.66700001
-0.9990757564 0.0314516983 0.0292988666 0.02346260238 -0.1720937154 0.9848011268 0.03601581874 0.9845783584 0.1711967202 74 -13.00000001
-0.9990567541 0.03112940141 0.0302747827 0.02451435837 -0.1711448033 0.9849408625 0.03584199121 0.9847539879 0.1702202544 74.333 -13.333
-0.9990341158 0.03102507524 0.03111719904 0.02532879818 -0.1720734246 0.9847584417 0.03590664775 0.9845954404 0.1711213938 74.667 -13.667
-0.9991091789 0.03000826247 0.02967074073 0.02377491128 -0.1806310879 0.9832635271 0.03486548818 0.9830930344 0.1797567342 75 -14.00000001
-0.9991202319 0.03038713522 0.02890301544 0.02268575537 -0.1880416071 0.9818990328 0.03527206815 0.981690876 0.1871868189 75.333 -14.00000001
-0.9991086925 0.03051948826 0.02916130073 0.02306552624 -0.1838599458 0.9826817907 0.03535254054 0.9824785398 0.182992122 75.667 -14.00000001
-0.9990483489 0.03168795537 0.02997115475 0.02372425767 -0.1818153597 0.983046456 0.03659994851 0.9828219821 0.1808905617 76 -14.00000001
-0.9990671651 0.03140394285 0.02964105095 0.02350334536 -0.1803924924 0.983313857 0.03622695522 0.9830932515 0.1794861182 76.333 -14.33300001
-0.9990700883 0.03139755498 0.02954914883 0.02350862796 -0.1778212529 0.9837819608 0.03614281487 0.9835617904 0.1769177814 76.667 -14.667
-0.9991447992 0.02875042409 0.02971671934 0.02410237649 -0.1789971362 0.9835543202 0.03359681148 0.9834294272 0.1781511041 77 -15
-0.9990942479 0.03004111683 0.03013660819 0.02416932691 -0.1822641597 0.9829525013 0.03502181449 0.9827905715 0.181373 77.5 -15
-0.9990669354 0.03054912544 0.03052882977 0.02437601876 -0.1846628432 0.9824995898 0.03565204372 0.9823270256 0.1837458748 78 -15
-0.9990585828 0.03170432844 0.02961053279 0.02332475031 -0.1829360187 0.9828480905 0.03657737165 0.9826134787 0.1820243041 78.333 -15.33300001
