-0.9992678978 0.02714657194 0.02695796704 0.0275159594 0.0203953816 0.9994132781 0.02658082643 0.9994233798 -0.02112741407 0 0
-0.9992632933 0.02721114678 0.02706333676 0.02760862445 0.0198671558 0.9994213626 0.02665772987 0.9994322636 -0.02060378187 0 0
-0.9992587475 0.02726409639 0.02717764785 0.02770928362 0.01931491497 0.999429402 0.0267236056 0.9994416457 -0.02005606632 0 0
-0.9992593308 0.02718013286 0.02724022939 0.02774875015 0.01851082448 0.9994435233 0.02666076864 0.9994591486 -0.0192513288 0 0
-0.999256774 0.02719691906 0.02731716086 0.02781330347 0.01803452565 0.999450437 0.0266893206 0.9994673999 -0.01877755809 0 0
-0.9992573965 0.02718710516 0.02730415485 0.02778683096 0.01753717774 0.9994600239 0.02669358695 0.9994765173 -0.01827959807 0 0
-0.9992566304 0.0271958401 0.02732348423 0.02778182648 0.01662064418 0.9994758248 0.02672745081 0.9994919412 -0.01736383901 0 0
-0.9992590735 0.0271071874 0.0273222333 0.02776346377 0.01603658745 0.9994858768 0.02665509559 0.9995038911 -0.01677729493 0 0
-0.9992587684 0.02710739 0.02733318846 0.02775548626 0.01532669504 0.9994972363 0.02667483394 0.9995150233 -0.0160677132 0 0
-0.99925816 0.027123059 0.02733988574 0.02774887143 0.01481881342 0.999505079 0.02670449056 0.9995222571 -0.0155604545 0 0
-0.9992583856 0.02710011591 0.02735438616 0.02774301093 0.01406960042 0.9995160687 0.02670213604 0.9995337063 -0.01481100502 0 0
-0.9992596109 0.02706033823 0.02734900685 0.02772306165 0.01354568828 0.9995238597 0.02667699259 0.9995420213 -0.01428585463 0 0
-0.9992565014 0.02706910096 0.02745374507 0.0278106944 0.01289943419 0.9995299745 0.02670224001 0.9995503331 -0.01364265397 0 0
-0.9992543338 0.02709408038 0.02750794789 0.02785270792 0.01243036573 0.9995347481 0.02673954095 0.9995555997 -0.01317574033 0 0
-0.9992530068 0.02709291225 0.02755725781 0.02788550389 0.01181326766 0.9995413175 0.02675494394 0.999563115 -0.01255994274 0 0
-0.9992513663 0.02709722702 0.02761244689 0.02792934622 0.01138688468 0.9995450417 0.02677047916 0.9995679462 -0.01213516791 0 0
-0.9992510664 0.027107944 0.02761278146 0.02791775751 0.01093710896 0.9995503882 0.02679375195 0.9995726782 -0.0116857108 0 0
-0.9992486064 0.02716482474 0.02764588372 0.02792995785 0.01013417565 0.9995585105 0.02687266351 0.999579597 -0.01088527331 0 0
-0.9992458222 0.02721945694 0.02769274397 0.02795952079 0.009469654389 0.9995642005 0.026945354 0.9995846271 -0.01022355556 0 0
-0.9992437974 0.02724469231 0.0277409448 0.02799617718 0.009031745681 0.9995672272 0.02698235239 0.9995879923 -0.009787663086 0 0
-0.9992428562 0.02724569738 0.02777384244 0.02801705739 0.008585902465 0.9995705712 0.02699553379 0.9995918939 -0.009342745969 0 -0.2499999994
-0.9992435471 0.02721661765 0.02777749583 0.02801064506 0.008222887112 0.9995738031 0.0269766068 0.9995957382 -0.008979021902 0 -0.4999999987
-0.9992436187 0.02720044989 0.02779075285 0.02801155624 0.007770475415 0.9995773969 0.02697300753 0.9995997975 -0.008526524905 0 -0.7499999981
-0.9992441605 0.02717744452 0.02779377852 0.02799448774 0.007032688036 0.9995833382 0.02697065575 0.9996058862 -0.007788191091 0 -0.9999999975
-0.9992436231 0.02718924135 0.02780156345 0.02798957108 0.006558748806 0.999586698 0.02699566051 0.9996087875 -0.007314803123 0 -0.4999999987
-0.9992424672 0.02721820488 0.02781476411 0.02798775423 0.005995419863 0.9995902863 0.02704029202 0.9996115367 -0.006752654565 0 0
-0.9992420509 0.02718631901 0.02786086324 0.02802367628 0.005626202375 0.9995914262 0.02701846054 0.9996145507 -0.006383798604 0 -0.3330000027
-0.9992401409 0.02716962275 0.02794552516 0.02809738739 0.005223729833 0.9995915413 0.0270125452 0.9996171889 -0.00598315595 0 -0.6669999948
-0.9992469727 0.02704316444 0.02782363681 0.02799870218 0.006116527262 0.999589246 0.02686187232 0.9996155538 -0.006869094857 0 -0.9999999975
-0.9992184665 0.02751571506 0.02837854055 0.02861107913 0.008094493675 0.9995578449 0.02727383893 0.9995885977 -0.008875421858 0.3330000027 -0.9999999975
-0.9991979235 0.02752809099 0.02908116192 0.02954670166 0.01665843614 0.9994245789 0.02702780406 0.9994822163 -0.01745843909 0.6670000019 -0.9999999975
-0.9992004994 0.02716670243 0.02933142183 0.030051141 0.0264745458 0.9991976918 0.02636837029 0.9992802754 -0.02726976979 1.000000005 -0.9999999975
-0.9991140975 0.02955223267 0.02996140265 0.03087962643 0.03112030741 0.9990385254 0.02859141089 0.9990786716 -0.03200529976 1.000000005 -0.9999999975
-0.9991080925 0.02980159227 0.0299146233 0.03088872841 0.03278060577 0.9989851442 0.02879072847 0.9990181665 -0.03367190179 1.000000005 -0.9999999975
-0.9992779821 0.02675988872 0.02697077885 0.02799624183 0.03871655531 0.9988579673 0.0256851124 0.9988918544 -0.03943777758 1.000000005 -0.9999999975
-0.9992409877 0.02858930356 0.02645940842 0.02783655809 0.04889721502 0.9984158394 0.02725022213 0.9983945683 -0.04965592924 1.000000005 -0.9999999975
-0.9992841319 0.02761787468 0.02585491711 0.02741477427 0.05768045861 0.9979586138 0.02607017246 0.9979530138 -0.05839630481 1.000000005 -0.9999999975
-0.9992558502 0.02794030212 0.02659107555 0.02820359528 0.05899896579 0.9978595489 0.02631165131 0.9978669558 -0.0597430787 1.000000005 -0.9999999975
-0.9993127371 0.02615492913 0.0262673411 0.02776519979 0.05865612612 0.9978920546 0.02455905549 0.9979355583 -0.05934201077 1.666999999 -1.333
-0.9993059661 0.02689574244 0.02577217683 0.0272282702 0.05525556677 0.9981009186 0.025420609 0.9981099345 -0.05594954208 2.333000005 -1.667000006
-0.9992572756 0.02733419494 0.02716134867 0.02851342815 0.05035513183 0.9983242685 0.02592067688 0.9983572519 -0.05109712345 3 -1.999999995
-0.999282459 0.02628181436 0.02727330721 0.02844757479 0.0453932921 0.9985640613 0.02500605008 0.9986234101 -0.04610837444 3.667000001 -1.999999995
-0.99935783 0.02531766267 0.02535633328 0.02634571008 0.03954144874 0.9988705509 0.0242864415 0.9988971367 -0.0401830682 4.333 -1.999999995
-0.999298629 0.02625616642 0.02669950763 0.02763587845 0.03597141803 0.9989706279 0.0252687199 0.9990078432 -0.03667180095 5.000000002 -1.999999995
-0.9992495572 0.02731830606 0.02745965369 0.02836082429 0.03316626237 0.9990473776 0.02638154795 0.9990764281 -0.03391614266 5.333000004 -1.999999995
-0.9992671972 0.02648994453 0.02762881552 0.02842509001 0.03016957907 0.999140536 0.02563362764 0.9991937146 -0.03090044977 5.667000003 -1.999999995
-0.9992802047 0.02574470929 0.02786184449 0.02846350862 0.02330718385 0.9993230728 0.02507790086 0.9993968106 -0.0240231922 5.999999999 -1.999999995
-0.9993152573 0.02548907034 0.02682021448 0.02737403813 0.0216331543 0.999391149 0.02489334546 0.9994410007 -0.02231607994 6.667000001 -1.999999995
-0.9992865123 0.02631880748 0.0270884966 0.02761483727 0.01984531929 0.9994216248 0.02576600547 0.9994565942 -0.02055794948 7.332999999 -1.999999995
-0.9992950582 0.02647960858 0.02661234599 0.02707660583 0.01733137947 0.9994831068 0.02600469279 0.9994991014 -0.01803613978 8.000000001 -1.999999995
-0.9992617397 0.02644407778 0.02786909427 0.02832772431 0.01713018357 0.9994518982 0.02595218103 0.9995035105 -0.01786663758 8.667000003 -1.999999995
-0.999236036 0.02755075139 0.02771823291 0.02819545744 0.01708673363 0.9994563821 0.02706216025 0.9994743617 -0.01785048602 9.333000001 -1.999999995
-0.9992806659 0.02624083403 0.02737826492 0.02777584727 0.01490841761 0.9995029972 0.02581962565 0.9995444751 -0.01562655488 10 -1.999999995
-0.9992835228 0.02702318168 0.02649884237 0.02678126136 0.01014311187 0.9995898566 0.02674331757 0.9995833457 -0.01085955945 10.33300001 -1.999999995
-0.9992692729 0.02696354126 0.02709036128 0.02734629863 0.009168865595 0.9995839694 0.02670393572 0.9995943674 -0.009899518708 10.66700001 -1.999999995
-0.9993086835 0.02615172735 0.02642427553 0.02666124921 0.008754621323 0.9996061897 0.02591009401 0.9996196495 -0.009445806829 11 -1.999999995
-0.9993215677 0.0272234724 0.02480497711 0.02500614409 0.007074021487 0.9996622685 0.02703880724 0.9996043421 -0.007749976316 11.667 -1.999999995
-0.9993217096 0.02663870755 0.02542636256 0.02556981297 0.005058258552 0.9996602416 0.02650104371 0.999632329 -0.005735974354 12.333 -1.999999995
-0.9993161623 0.02626292877 0.02602818232 0.02613876207 0.00387595231 0.9996508101 0.02615287403 0.9996475557 -0.004559782234 13 -1.999999995
-0.9993356833 0.02628492772 0.02524469686 0.02531913853 0.00250310045 0.9996762855 0.02621322889 0.9996513578 -0.003166949324 13.667 -2.332999998
-0.9993170484 0.02727914495 0.02492559114 0.02497062453 0.001311377521 0.9996873252 0.02723792859 0.9996269947 -0.0019916592 14.333 -2.667000004
-0.9993005807 0.02754448794 0.02529131576 0.02532301292 0.0008024942917 0.999678999 0.02751535 0.9996202565 -0.001499442436 15 -3.000000007
-0.9993693499 0.02682866498 0.02326209865 0.02323837242 -0.001195848008 0.9997292373 0.02684921871 0.9996393313 0.0005716393377 15.667 -2.667000004
-0.9993466282 0.02725514497 0.02373760265 0.02366751601 -0.002891264369 0.9997157042 0.02731602813 0.9996243283 0.002244313719 16.333 -2.332999998
-0.9993124856 0.0274704843 0.02489836701 0.02481677694 -0.003307093908 0.9996865462 0.02754421481 0.9996171445 0.002623091352 17 -1.999999995
-0.9993486404 0.02705583988 0.02388046381 0.02384994827 -0.001450056942 0.9997144979 0.02708274341 0.999632872 0.0008038320515 18 -2.332999998
-0.9992823275 0.02796607138 0.02554855933 0.02563672334 0.002798479424 0.9996674082 0.02788527297 0.9996049557 -0.003513429467 19 -2.667000004
-0.999292089 0.0280385636 0.02508305806 0.02526791705 0.006258221638 0.9996611261 0.02787208672 0.9995872516 -0.006962267473 20 -3.000000007
-0.9993070714 0.02767911038 0.02488461056 0.02509879738 0.007417842103 0.9996574543 0.02748503891 0.9995893369 -0.008107414451 20.667 -3.000000007
-0.999327789 0.02724749872 0.02452639207 0.02476714905 0.008533816112 0.9996568223 0.02702884427 0.9995922908 -0.009202922449 21.333 -3.000000007
-0.9993142122 0.02615184881 0.02621423307 0.02649219659 0.01033953363 0.999595547 0.02587022867 0.9996045092 -0.01102526282 22 -3.000000007
-0.9993288236 0.02640612981 0.02538934088 0.02563204091 0.008893488862 0.9996318844 0.02617060948 0.9996117357 -0.009564362762 22.667 -3.332999995
-0.9993069861 0.02731282547 0.02528946592 0.02553652024 0.00873470119 0.9996357292 0.02708198028 0.9995887727 -0.009426122441 23.333 -3.667000001
-0.9993473487 0.02686976245 0.024143165 0.02433070073 0.006674470584 0.9996816836 0.02670006652 0.9996166602 -0.007323874631 24 -4.000000004
-0.9992657605 0.02759176225 0.02658259678 0.02674018367 0.005358135286 0.9996280573 0.02743906654 0.9996049145 -0.006092009922 25 -4.000000004
-0.9992946152 0.0272876525 0.02580030966 0.02593646682 0.004647527136 0.9996527898 0.02715827031 0.9996168188 -0.005351994135 26.00000001 -4.000000004
-0.9993564926 0.02628186006 0.0244103379 0.02446830721 0.001886301722 0.9996988266 0.0262278994 0.9996527926 -0.002528160498 26.667 -4.000000004
-0.9992362983 0.02770643925 0.02755310067 0.02764715469 0.003017264124 0.9996131907 0.02761258716 0.9996115492 -0.003780964046 27.33300001 -4.000000004
-0.999292404 0.02755280044 0.02560340615 0.02561318663 2.048101e-06 0.9996719285 0.02754370871 0.9996203495 -0.0007077616714 28 -4.000000004
-0.9992906032 0.02683083252 0.02642719948 0.02646914123 0.001209176977 0.9996488996 0.02678945704 0.9996392571 -0.001918508285 29 -4.000000004
-0.9992647008 0.02680913271 0.02741036514 0.02741146482 -0.0003265541866 0.9996241819 0.02680800832 0.9996405173 -0.0004085635268 30 -4.000000004
-0.9992332933 0.02785322233 0.02751405996 0.02749679837 -0.001002628524 0.9996213887 0.02787026317 0.9996115209 0.0002359853635 31 -4.000000004
-0.9993044936 0.02625800991 0.02647727238 0.02646731672 -0.0007266854583 0.9996494151 0.0262680449 0.9996549349 3.12009791e-05 32 -4.000000004
-0.9993126457 0.0272928329 0.02508659828 0.02501033392 -0.0031321393 0.999682286 0.02736273631 0.9996225743 0.002447383546 33 -4.000000004
-0.9992508606 0.02789141524 0.02682883919 0.02680504 -0.001226885507 0.9996399275 0.02791428823 0.9996102059 0.0004783358973 34 -3.500000005
-0.9993489462 0.02622810765 0.02477438248 0.02467254754 -0.004199233152 0.9996867669 0.02632392555 0.9996471642 0.003549384992 35 -3.000000007
-0.9993182309 0.02654160842 0.02566352448 0.02559010729 -0.003102144731 0.9996677063 0.02661240078 0.9996428961 0.002420827177 35.66700001 -3.000000007
-0.9993411014 0.02586196322 0.02546609171 0.02540042125 -0.002864662104 0.9996732528 0.02592646464 0.999661419 0.002205869822 36.333 -3.000000007
-0.9993360391 0.02646786424 0.02503863077 0.02500487933 -0.001605440047 0.99968604 0.02649975241 0.9996483755 0.000942548346 37 -3.000000007
-0.9993090938 0.0265042967 0.02605488993 0.02617701407 0.004271172802 0.9996481986 0.02638368752 0.9996395747 -0.00496202517 37.667 -3.000000007
-0.999370055 0.02486974799 0.02531775519 0.02551199476 0.007524236132 0.9996461994 0.02467045229 0.9996623838 -0.008153973157 38.333 -3.000000007
-0.9992599472 0.0263666286 0.02800640703 0.02835809897 0.01306039091 0.9995125034 0.02598800034 0.9995670198 -0.01379843299 39 -3.000000007
-0.9993320203 0.02614915914 0.02552909593 0.02581731451 0.01074438589 0.9996089358 0.02586463868 0.9996003099 -0.01141230992 40.00000001 -3.000000007
-0.9992511518 0.02745080085 0.02726883039 0.02756611168 0.01050999431 0.99956473 0.02715225709 0.9995679034 -0.01125883577 41 -3.000000007
-0.9992985731 0.02681893505 0.02613630704 0.02650157712 0.01335597505 0.9995595452 0.02645804666 0.9995510806 -0.01405735089 42 -3.000000007
-0.9993354776 0.02593419128 0.02561290715 0.026018359 0.01541898127 0.9995425454 0.02552740262 0.9995447327 -0.01608350011 43.00000001 -3.000000007
-0.9993227309 0.02625166771 0.02578622616 0.02632722326 0.02047535814 0.9994436638 0.02570908074 0.9994456512 -0.02115262433 44 -3.000000007
-0.9993164587 0.02634879392 0.02592983498 0.02644678657 0.0194641846 0.9994607111 0.02582988122 0.9994632993 -0.02014772096 45 -3.000000007
-0.9992653383 0.0269987623 0.02720019395 0.02774882062 0.02015810212 0.9994116539 0.0264345734 0.9994321977 -0.02089247654 46 -3.000000007
-0.9993476045 0.02555629309 0.02551943087 0.02607369879 0.02159494172 0.9994267461 0.02499055222 0.9994401104 -0.02224720036 46.75 -3.000000007
-0.999316097 0.02618755564 0.02610651516 0.02670464571 0.0227566374 0.9993843091 0.02557733571 0.9993979925 -0.02344040346 47.5 -3.000000007
-0.9993305528 0.02542978921 0.02630155859 0.02698069151 0.02674248472 0.9992781804 0.02470806446 0.9993188507 -0.02741069534 48.25 -3.000000007
-0.9992643566 0.02728880356 0.02694562856 0.02773734454 0.02906189991 0.999192697 0.02648368207 0.9992050476 -0.02979743967 49 -3.000000007
-0.9992127052 0.02804510954 0.02806139055 0.02893010873 0.03106554576 0.9990985841 0.02714808682 0.999123818 -0.03185243608 50 -3.000000007
-0.9992812623 0.0264543737 0.02715004601 0.02798997842 0.03191487978 0.9990985945 0.02556403713 0.9991404339 -0.03263239871 51 -3.000000007
-0.9992841373 0.02725052817 0.02624160034 0.02711144346 0.0320571086 0.999118267 0.02638527065 0.9991144832 -0.03277296127 51.667 -3.000000007
-0.9992224403 0.02736419128 0.02838513488 0.02931472372 0.03419055733 0.9989853116 0.02636592157 0.9990406432 -0.03496614584 52.333 -3.000000007
-0.9993021556 0.02611704208 0.02670396852 0.02758435127 0.03395082616 0.9990427643 0.02518542012 0.9990821996 -0.03464755543 53 -3.000000007
-0.9992673647 0.02721351062 0.0269101984 0.02786333775 0.0352739128 0.9989891819 0.02623677471 0.999007095 -0.03600632912 53.75 -3.000000007
-0.9993044267 0.02587466177 0.02685450808 0.02780832562 0.0372368873 0.9989194719 0.02484672518 0.9989714291 -0.03793051734 54.5 -3.000000007
-0.9992435807 0.02729614748 0.02769813578 0.02870273624 0.03712628315 0.9988982891 0.02623774618 0.9989377155 -0.03788167423 55.25 -3.000000007
-0.9992574618 0.02604748756 0.02839107891 0.02937227248 0.03809385529 0.9988423939 0.02493580917 0.9989346258 -0.03883064305 56 -3.000000007
-0.9991873038 0.02779752038 0.02918954828 0.03022973387 0.03776563263 0.9988292748 0.02666261537 0.9988999223 -0.03857525229 57.00000001 -3.000000007
-0.9992435788 0.0267274969 0.02824732048 0.02926953615 0.03866074393 0.9988236286 0.02560399301 0.9988948833 -0.03941380156 58 -3.000000007
-0.9992706689 0.02703874265 0.02696361651 0.02800880227 0.03905184703 0.9988445626 0.02595452204 0.9988712928 -0.0397806881 59.5 -3.000000007
-0.9992326241 0.02692025163 0.02845106376 0.0295448126 0.04114369976 0.9987163261 0.02571511279 0.9987905166 -0.04190748087 61 -3.000000007
-0.9992391941 0.02753398487 0.02762087509 0.02874646564 0.04135901122 0.9987307309 0.02635666475 0.9987648932 -0.04211904978 61.667 -3.000000007
-0.9991798627 0.02892346409 0.02833787537 0.0295213849 0.04134679694 0.9987086313 0.02771443286 0.9987261264 -0.04216674761 62.333 -3.000000007
-0.9992164133 0.02752180008 0.02844485914 0.02956491053 0.04118418932 0.9987140625 0.0263149303 0.9987724531 -0.04196559749 63 -3.000000007
-0.999209453 0.02829600149 0.02792499366 0.02896738007 0.03712406635 0.9988907321 0.02722792433 0.9989099759 -0.03791437907 63.667 -3.000000007
-0.9992212539 0.02790650846 0.02789466802 0.02894366957 0.03792016678 0.9988615144 0.02681696684 0.998891029 -0.03869835336 64.333 -3.000000007
-0.9992033481 0.02864625383 0.02778599072 0.02882663323 0.03657815436 0.9989149432 0.02759881076 0.9989201323 -0.03737478936 65 -3.000000007
-0.9992097752 0.02946260437 0.02667920714 0.0277646893 0.03706974397 0.9989269023 0.02844199674 0.9988782654 -0.03785847059 65.75 -3.000000007
-0.9992138156 0.02907485193 0.02695187873 0.02803469424 0.03750093359 0.9989032665 0.02803224396 0.998873532 -0.03828655553 66.5 -3.000000007
-0.9992806346 0.02878156288 0.02469483482 0.02576046007 0.03726150107 0.9989734627 0.02783185092 0.9988909861 -0.03797612274 67.25 -3.000000007
-0.9992463578 0.02903611712 0.0257608293 0.02685936202 0.03810068203 0.9989128654 0.02802304579 0.998851962 -0.03885185933 68.00000001 -3.000000007
-0.999307531 0.02827807157 0.02418282933 0.02528506028 0.03929317786 0.9989077595 0.0272969649 0.9988275111 -0.0399809813 69.5 -3.000000007
-0.9991975452 0.03037111577 0.02611246993 0.02730084962 0.03939545152 0.9988506705 0.02930749681 0.9987620306 -0.04019299571 71.00000001 -3.000000007
-0.9992523405 0.02886943828 0.02571605673 0.02678032818 0.03710452632 0.9989524854 0.02788501502 0.9988942935 -0.0378499178 71.667 -3.000000007
-0.9993085813 0.02772722154 0.02477015393 0.02570399524 0.03384578319 0.9990964756 0.02686380406 0.9990423735 -0.03453508195 72.33300001 -3.000000007
-0.9991981682 0.02931772091 0.02726704653 0.02822213065 0.03267235792 0.9990675795 0.02839950577 0.9990360295 -0.03347356874 73 -3.000000007
-0.999248405 0.02918455043 0.02551248973 0.0264182017 0.0310812029 0.9991676723 0.02836730045 0.999090697 -0.03182884576 74.00000001 -3.000000007
-0.9991288396 0.03050160317 0.0284818198 0.02943021216 0.0311092717 0.9990826171 0.02958757285 0.9990504819 -0.03197983918 75 -3.000000007
-0.999188102 0.0297169353 0.027203687 0.02802174124 0.02746764164 0.9992298588 0.02894682794 0.9991808807 -0.02827806098 76 -3.000000007
-0.9991018512 0.03112871722 0.0287488073 0.02956921431 0.02622373954 0.9992186833 0.0303504946 0.9991713159 -0.02712063843 77.5 -3.500000005
-0.9992189783 0.02900260193 0.02683807946 0.02760493077 0.02637200789 0.9992709768 0.02827368431 0.9992313878 -0.02715202559 79 -4.000000004
-0.9991372466 0.02997338341 0.02874645513 0.0295269389 0.02593011139 0.9992275963 0.02920483307 0.9992143041 -0.02679276236 79.667 -3.667000001
-0.9992059464 0.02926150672 0.02704146725 0.02773039336 0.02339978407 0.9993415209 0.02860947414 0.9992978607 -0.02419263648 80.333 -3.332999995
-0.9990740464 0.03149800028 0.02930743721 0.02997340956 0.02088324624 0.9993325196 0.03086494155 0.9992856278 -0.02180801178 81 -3.000000007
-0.9991351686 0.03000173186 0.02878907584 0.02927533466 0.01589638987 0.9994449758 0.0295274378 0.9994234342 -0.01676095292 81.75 -3.000000007
-0.9991604364 0.02939543923 0.02853647763 0.02896314772 0.0141927036 0.9994797163 0.02897513549 0.9994670957 -0.01503217237 82.5 -3.000000007
-0.9991507263 0.02995920508 0.02828908382 0.02872122286 0.0140934305 0.9994881023 0.0295451788 0.9994517603 -0.01494192633 83.25 -3.000000007
-0.9990757106 0.03040534837 0.03038485198 0.0308403326 0.01462505339 0.9994173211 0.02994325173 0.9994306492 -0.01554924666 84 -3.000000007
-0.9990799784 0.03184409864 0.02872542799 0.02918868289 0.01417936482 0.9994733445 0.03142001945 0.9993922648 -0.0150958068 85.00000001 -3.000000007
-0.9991916041 0.02886972366 0.02797637306 0.02840664332 0.01460286123 0.9994897794 0.02844645864 0.9994765107 -0.01541114828 86 -3.000000007
-0.9991116449 0.03135750104 0.0281536532 0.02862410595 0.01465632256 0.9994827926 0.03092865369 0.9994007701 -0.01554088297 86.75 -3.000000007
-0.9991271262 0.03007148859 0.02899467624 0.02947685678 0.0157169866 0.9994418899 0.02959899645 0.9994241752 -0.01658968062 87.5 -3.000000007
-0.9991817273 0.02992821425 0.02720620871 0.02773668494 0.01745488955 0.9994628573 0.02943725716 0.9993996342 -0.01827071614 88.25 -3.000000007
-0.9991861074 0.02980059985 0.02718541802 0.02770109293 0.0170300452 0.9994711737 0.02932187161 0.9994107773 -0.01784169376 89 -3.000000007
-0.9992675674 0.02866237313 0.02535344285 0.02588040878 0.01816624647 0.999499971 0.02818746422 0.9994240621 -0.01889473485 90 -2.500000008
-0.9992637043 0.02905174738 0.02506082979 0.02557366975 0.01741752198 0.999521194 0.02860133967 0.9994261483 -0.01814765733 91 -1.999999995
-0.9991554215 0.0310849844 0.02687317466 0.02741905506 0.01726993678 0.9994748345 0.03060456161 0.9993675365 -0.01810767186 92 -1.999999995
-0.9992709977 0.02939285655 0.0243625364 0.02488356049 0.01749256346 0.9995373023 0.02895309333 0.9994148639 -0.01821121026 93 -1.999999995
-0.9991027813 0.03242036653 0.02724981113 0.02775475445 0.01522807656 0.999498764 0.03198915407 0.9993583069 -0.01611423296 94 -1.999999995
-0.9991915377 0.03114717483 0.02541897753 0.02592186966 0.01584961708 0.9995383166 0.03072991364 0.999389135 -0.01664419627 95 -1.999999995
-0.9991929881 0.02983719158 0.02689078746 0.0274244604 0.0176234113 0.9994685159 0.02934742618 0.9993993983 -0.01842745787 96 -1.999999995
-0.9992660575 0.0292980156 0.02467736839 0.02521611159 0.01816352329 0.9995170004 0.02883563671 0.9994056797 -0.01888897434 97 -1.999999995
-0.9991353692 0.03231909457 0.02615320585 0.02678375178 0.01923351828 0.9994562034 0.03179850139 0.9992925237 -0.02008251499 97.66700001 -1.999999995
-0.9992144132 0.03074943485 0.02500057366 0.02564938296 0.02088954965 0.9994527182 0.03021035551 0.9993088106 -0.02166184312 98.333 -1.999999995
-0.9991577519 0.03173020592 0.02601885512 0.02672256141 0.02195910959 0.9994016721 0.03113986996 0.9992552184 -0.02278852695 99.00000001 -1.999999995
-0.9992060935 0.03081935672 0.02524578988 0.02597171234 0.02338549119 0.9993891079 0.03021014422 0.9992513628 -0.02416735676 100.5 -1.999999995
-0.9992328232 0.03057269766 0.02447601394 0.02508299191 0.01963037709 0.9994926172 0.03007671222 0.9993397613 -0.02038217185 102 -1.999999995
-0.9991790777 0.03181996931 0.025073099 0.02571241352 0.01984398741 0.9994724048 0.03130563099 0.9992966055 -0.02064586525 103 -1.999999995
-0.9992019976 0.03129990822 0.02481297639 0.02546928172 0.02074678306 0.9994602977 0.03076822615 0.9992946946 -0.02152741325 104 -1.999999995
-0.9991514147 0.03241688755 0.02540858039 0.02615054943 0.02267341511 0.999400853 0.03182136578 0.9992172245 -0.0235018942 105 -1.999999995
-0.9991946639 0.03199964399 0.02420839551 0.02498974186 0.02424717399 0.9993936098 0.03139325455 0.9991937236 -0.02502730971 105.75 -1.999999995
-0.9991796104 0.03229143989 0.02444113566 0.02520943499 0.02360368523 0.9994034973 0.03169527708 0.9991997443 -0.02439836997 106.5 -1.999999995
-0.9990975401 0.03329643336 0.02637143935 0.02712122523 0.02227128069 0.9993840249 0.03268859786 0.9991973467 -0.02315422182 107.25 -1.999999995
-0.9991955847 0.03237636912 0.02366335367 0.02442104696 0.02321084663 0.9994322734 0.03180874172 0.9992061986 -0.0239828403 108 -1.999999995
-0.9990789901 0.03294393669 0.02749306403 0.02830592637 0.02446709161 0.9992998229 0.03224819478 0.9991576745 -0.02537706582 109 -1.999999995
-0.9991969414 0.03151604172 0.02474290818 0.02564149622 0.02843439672 0.9992667305 0.03078938231 0.9990987059 -0.0292196807 110 -1.999999995
-0.9990997337 0.03163142405 0.02826968567 0.02917368507 0.02849223887 0.9991681983 0.03079964634 0.9990934117 -0.02938939347 111 -1.999999995
-0.9991393118 0.03250202317 0.02577312727 0.02673079827 0.02938296408 0.9992107415 0.0317190798 0.9990396688 -0.03022647953 112 -1.999999995
-0.9991160127 0.03104957152 0.02833932407 0.02927603228 0.03014073349 0.9991168351 0.03016798162 0.9990632914 -0.03102309772 113 -1.999999995
-0.9990738346 0.03350048141 0.02700353382 0.02801563368 0.03011920849 0.9991536206 0.03265880223 0.9989847602 -0.03102985033 113.667 -1.999999995
-0.9990559 0.0333115072 0.02788641363 0.02898876536 0.03308082924 0.9990321868 0.0323567622 0.9988973932 -0.0340152571 114.333 -1.999999995
-0.9992429523 0.02976180839 0.02505507858 0.02614634558 0.03686175711 0.9989782678 0.02880782557 0.9988770924 -0.03761201353 115 -1.999999995
-0.9990990816 0.03238416146 0.02742792698 0.02868428506 0.0389902618 0.9988277986 0.03127677865 0.9987146868 -0.03988405127 116 -1.999999995
-0.999185388 0.02947872189 0.02756021164 0.02872800503 0.03995360423 0.9987884717 0.02834187779 0.9987665966 -0.04076792242 117 -1.999999995
-0.9992013498 0.03065579643 0.02562976253 0.02690020416 0.04177393358 0.998764896 0.02954727734 0.9986566781 -0.042565218 118 -1.999999995
-0.9991370556 0.03113049701 0.02749611284 0.02881242186 0.04265584227 0.998674283 0.02991635693 0.9986047122 -0.04351597767 119 -1.999999995
-0.9992253146 0.02985646544 0.02563907394 0.02695466605 0.0445286101 0.9986444056 0.02867431986 0.9985618631 -0.04529888549 120 -1.999999995
-0.999135204 0.03038305138 0.02838510558 0.02977007763 0.04614612646 0.9984910002 0.02902734069 0.998472536 -0.04701072527 121 -1.999999995
-0.9991871979 0.02996310435 0.02696582945 0.02835680482 0.04701105207 0.998491789 0.02865022165 0.9984448775 -0.04782249929 122 -1.999999995
-0.9991822802 0.03029914227 0.02677186753 0.02820246108 0.04781710167 0.9984578839 0.02897226437 0.9983964577 -0.04863251106 123 -1.999999995
-0.9992120138 0.02803400718 0.02809708135 0.02940813223 0.04750536891 0.9984379809 0.02665545531 0.9984775082 -0.04829236312 123.75 -1.999999995
-0.9992768076 0.02818026131 0.02552909459 0.02689838137 0.04933115001 0.9984202095 0.02687636281 0.9983848509 -0.05005347751 124.5 -1.999999995
-0.9991493785 0.02939704681 0.02891942436 0.03037510097 0.05034066649 0.998270089 0.02789036944 0.9982993694 -0.0511907839 125.25 -1.999999995
-0.9992510118 0.02865167311 0.02600955864 0.02733786991 0.04698841109 0.9985212717 0.02738715724 0.998484437 -0.04773649303 126 -1.999999995
-0.9991687798 0.02863398257 0.02901455685 0.03035300836 0.04747217507 0.9984112817 0.02721110711 0.9984620612 -0.04830184275 127 -1.999999995
-0.9992159189 0.02837982139 0.02760675832 0.02893444353 0.04748854352 0.9984526209 0.0270249023 0.9984685393 -0.04827246299 128 -1.999999995
-0.9991477061 0.02847659484 0.02988218514 0.03123987706 0.04848962457 0.9983350271 0.02698020615 0.998417668 -0.04933790248 129 -1.999999995
-0.9991616796 0.02984071983 0.02802622829 0.02948517894 0.04962914055 0.9983323959 0.02840003969 0.9983218318 -0.0504673944 130 -1.999999995
-0.9991537999 0.02996074179 0.02817868085 0.02960772556 0.0483749394 0.9983903284 0.02854937286 0.9983797971 -0.04922107394 131 -1.999999995
-0.9991926292 0.02851579528 0.02830086919 0.02974113781 0.05141811389 0.9982342622 0.02701026655 0.9982700171 -0.0522246926 132 -1.999999995
-0.9991544793 0.0301303549 0.02797298972 0.02953601005 0.05274432412 0.9981711579 0.0285998348 0.998153394 -0.05358965817 133 -1.999999995
-0.9991013339 0.03020638879 0.02973379577 0.03126366353 0.05150537398 0.9981832396 0.02862006074 0.9982157936 -0.05240345023 134 -1.999999995
-0.9991796078 0.02976170761 0.02746547064 0.02892108234 0.04963567066 0.998348572 0.02834929124 0.9983238658 -0.05045569075 134.667 -1.999999995
-0.9991733396 0.02764221203 0.02980848104 0.031176795 0.05046756387 0.9982389656 0.02608917172 0.9983430939 -0.05128763991 135.333 -1.999999995
-0.9992880661 0.02628787314 0.02706120392 0.02843098895 0.05321231562 0.9981784051 0.02479999796 0.9982371448 -0.0539218222 136 -1.999999995
-0.9991516319 0.02889621578 0.02934322927 0.03080964507 0.05168298326 0.9981881762 0.0273273153 0.9982453997 -0.05252941922 137 -1.999999995
-0.9991883485 0.02664178277 0.03021356867 0.03160899124 0.05361275293 0.9980613931 0.02497030223 0.9982063355 -0.05441135793 138 -1.999999995
-0.999146897 0.02823315052 0.03013913589 0.0315931764 0.05255546353 0.9981181265 0.02659604305 0.9982188199 -0.05340260321 139 -1.999999995
-0.9991386975 0.02824433414 0.03039935378 0.03183928268 0.05201355328 0.9981386929 0.02661058435 0.9982468872 -0.05286803322 139.667 -1.667000006
-0.999168995 0.02925931275 0.0283762602 0.02978047057 0.04872887222 0.9983679785 0.02782881777 0.9983833881 -0.04955973439 140.333 -1.333
-0.9991231155 0.02987141503 0.02933766721 0.03067523781 0.04535026187 0.9985000669 0.02849613901 0.9985244375 -0.04622680768 141 -0.9999999975
-0.9991430593 0.02856317003 0.02995484029 0.03117368979 0.04322725848 0.9985787927 0.02722771022 0.9986568727 -0.04408063468 142 -0.9999999975
-0.9991128989 0.02887816445 0.0306507244 0.0317581424 0.03870339263 0.9987459476 0.0276556627 0.998833369 -0.03958617567 143 -0.9999999975
-0.999132502 0.02860245021 0.03026785877 0.03129738918 0.03625989353 0.998852188 0.02747211064 0.9989329907 -0.03712362016 144 -0.9999999975
-0.9992098313 0.02898040466 0.02720017031 0.02806421277 0.02983725203 0.999160717 0.02814450357 0.9991345628 -0.03062698781 144.667 -0.9999999975
-0.9990363859 0.02987044708 0.03215674307 0.03301861306 0.02882293767 0.999039043 0.02891489106 0.9991381259 -0.02978144421 145.333 -0.9999999975
-0.9990603251 0.03132079968 0.02995787658 0.03082456684 0.02756473893 0.9991446498 0.03046822838 0.9991292172 -0.02850428712 146 -0.9999999975
-0.9990949145 0.02999962599 0.0301558344 0.03100294083 0.02818461313 0.999121837 0.0291233509 0.9991524659 -0.02908918027 147.5 -1.499999996
-0.9990053196 0.03157915156 0.03148219418 0.03220518319 0.02265319535 0.9992245288 0.03084149054 0.9992445096 -0.02364767503 149 -1.999999995
-0.9990137137 0.03197560985 0.0308084426 0.03144093415 0.01946970975 0.9993159651 0.03135390598 0.9992989997 -0.02045585009 150.5 -1.999999995
-0.9990545603 0.03094445287 0.03053565612 0.03114601345 0.01943796608 0.9993258184 0.03033003964 0.9993320801 -0.020383385 152 -1.999999995
-0.9990032038 0.03104195953 0.03207796167 0.03269624061 0.01961911824 0.9992727586 0.03039004321 0.999325516 -0.02061451736 153 -1.999999995
-0.9990761798 0.03024721231 0.03052692489 0.03108756992 0.01824176121 0.9993501894 0.02967069247 0.9993759774 -0.01916522143 154 -1.999999995
-0.9989521505 0.03167241786 0.03303723543 0.03360576199 0.01758902712 0.9992803805 0.03106853295 0.9993435266 -0.0186349722 155 -1.999999995
-0.9990702487 0.02955950028 0.03138270297 0.03188628431 0.01672163156 0.9993516158 0.02901556437 0.9994231451 -0.01764862723 155.667 -1.667000006
-0.9989865864 0.03107441356 0.03256042015 0.03306013187 0.01570503495 0.9993299653 0.03054223009 0.9993936825 -0.01671644346 156.333 -1.333
-0.9990618357 0.02987459709 0.03135214391 0.0318377368 0.01591964356 0.9993662609 0.02935654943 0.9994268725 -0.01685584788 157 -0.9999999975
-0.9990110549 0.03086769296 0.03200152817 0.03251362072 0.016233047 0.9993394582 0.03032782125 0.9993916518 -0.01722061387 157.75 -0.9999999975
-0.9990036236 0.02997991585 0.03306001484 0.03358676219 0.01723989696 0.9992871036 0.02938859203 0.9994018164 -0.01822964784 158.5 -0.9999999975
-0.9990543983 0.0301176278 0.03135662059 0.03186972023 0.01671021924 0.999352335 0.02957414566 0.9994066725 -0.0176542584 159.25 -0.9999999975
-0.9989743756 0.03093678706 0.03306224646 0.03362627306 0.0178923479 0.9992743055 0.03032277518 0.9993611855 -0.01891428592 160 -0.9999999975
-0.999055972 0.0292690685 0.03210118916 0.03266554913 0.01901184749 0.9992855005 0.02863785285 0.99939075 -0.01994998997 161.5 -0.9999999975
-0.9991466056 0.02852420263 0.02987357469 0.03038210247 0.01756407436 0.9993840259 0.02798193077 0.9994387791 -0.01841571052 163 -0.9999999975
-0.9990251647 0.02926758089 0.03304737589 0.03364688867 0.02023378762 0.9992289431 0.02857634034 0.9993668008 -0.02119882605 163.667 -0.9999999975
-0.9991391446 0.0282941291 0.03033829265 0.0309509611 0.02147291893 0.999290224 0.02762259491 0.9993689789 -0.02233016434 164.333 -0.9999999975
-0.9990503758 0.02987680488 0.03171313707 0.03229847784 0.01931718233 0.9992915765 0.029243031 0.9993669111 -0.02026381359 165 -0.9999999975
-0.9990933805 0.02930243336 0.03088339945 0.03146892402 0.01973583515 0.9993098637 0.02867270101 0.9993757373 -0.02064005831 166 -1.333
-0.999080333 0.03084286052 0.02978600519 0.0303469576 0.01788182906 0.9993794586 0.030291093 0.999364277 -0.01880137071 167 -1.667000006
-0.9990611552 0.03038348804 0.03088125465 0.03142035076 0.01742846004 0.9993542967 0.02982565661 0.9993863579 -0.01836675727 168 -1.999999995
-0.9990661901 0.03017502337 0.0309227376 0.03147493059 0.01799946902 0.9993424577 0.02959858916 0.9993825529 -0.0189324177 168.667 -1.667000006
-0.9991102443 0.02889291087 0.03072327183 0.03127331059 0.01878186995 0.9993343892 0.02829663894 0.9994060441 -0.01966873565 169.333 -1.333
-0.9990838952 0.03042932143 0.03009030935 0.03065621161 0.01830486814 0.999362361 0.02985911936 0.9993692952 -0.01922094668 170 -0.9999999975
-0.9989660363 0.03161080083 0.03267438866 0.0333233013 0.02022379789 0.999239989 0.03092597604 0.9992956296 -0.02125626345 171 -0.9999999975
-0.9991245949 0.02973858703 0.0294221068 0.03006858142 0.02153024946 0.9993159304 0.02908477847 0.9993258051 -0.02240559889 172 -0.9999999975
-0.9990661452 0.03107437962 0.03002033363 0.03066306352 0.02041786357 0.9993212133 0.03044033567 0.9993085078 -0.02135163192 173 -0.9999999975
-0.9990850486 0.03125805748 0.02918903035 0.02987961185 0.02185845915 0.9993144733 0.03059860202 0.999272306 -0.02277243834 174.5 -0.9999999975
-0.9990291622 0.03317878874 0.02898104504 0.02964350746 0.01965167036 0.999367337 0.03258827181 0.9992562133 -0.02061612745 176 -0.9999999975
-0.9990918655 0.03171403461 0.02845460211 0.02900938858 0.01717268711 0.9994316156 0.03120736686 0.9993494478 -0.01807709676 176.75 -1.249999997
-0.999128826 0.03100962783 0.02792833831 0.0284673712 0.01707943709 0.9994487989 0.030515535 0.9993731514 -0.01794732051 177.5 -1.499999996
-0.9990574444 0.03348909859 0.02761707906 0.0281390194 0.01521545417 0.9994882118 0.03305175286 0.9993232561 -0.01614346316 178.25 -1.749999996
-0.9991028756 0.03000415039 0.02988636718 0.03031297235 0.01386538265 0.999444283 0.02957309066 0.9994536018 -0.01476245865 179 -1.999999995
-0.9991757651 0.03009245682 0.02724398206 0.02771627979 0.01539081679 0.999497339 0.02965802337 0.9994286202 -0.0162121821 179.667 -1.999999995
-0.9990697171 0.0321967867 0.02868914938 0.02928046266 0.01804680985 0.9994083085 0.03165998852 0.9993186076 -0.01897275802 180.333 -1.999999995
-0.9991085091 0.03040208959 0.02928992934 0.02992929619 0.02079270173 0.9993357298 0.02977287762 0.999321458 -0.02168407837 181 -1.999999995
-0.99907305 0.03350415965 0.02702798544 0.02762497739 0.01748540079 0.9994654178 0.03301365377 0.9992856108 -0.01839474435 181.75 -1.999999995
-0.9991163191 0.03106122833 0.02831573607 0.02883494461 0.0163969707 0.9994496912 0.03057984277 0.9993829794 -0.01727812981 182.5 -1.999999995
-0.9991807682 0.03052572103 0.02657014814 0.02704984713 0.01541053291 0.9995152932 0.03010146486 0.9994151769 -0.0162236242 183.25 -1.999999995
-0.9990509693 0.03308740668 0.0283263874 0.02880969839 0.0142227509 0.999483724 0.03266744529 0.999351258 -0.01516249128 184 -1.999999995
-0.9991454917 0.03077191345 0.02759303842 0.02809062211 0.01585664346 0.9994796065 0.03031836697 0.9994006485 -0.01670749602 185 -1.999999995
-0.9991617968 0.03068709526 0.02709254511 0.02763515077 0.01739790722 0.9994666634 0.03019937512 0.9993776138 -0.01823136674 186 -1.999999995
-0.9990834138 0.03145411556 0.02903395917 0.02964248943 0.01905611803 0.9993789007 0.03088130487 0.9993235227 -0.01997102975 186.667 -1.999999995
-0.9991696801 0.03096384771 0.02648000249 0.02707116683 0.01883126984 0.9994561197 0.03044835502 0.9993430959 -0.01965386135 187.333 -1.999999995
-0.9990637768 0.03168749256 0.02945288854 0.03005190194 0.01859649837 0.9993753316 0.03111997779 0.9993248086 -0.01953135731 188 -1.999999995
-0.999131263 0.03076879949 0.02810694432 0.02874873308 0.02061857232 0.9993739965 0.03017001305 0.9993138423 -0.0214852242 189.5 -1.999999995
-0.9990762465 0.03277097434 0.02779778645 0.02845786967 0.01985089584 0.9993978645 0.03219943081 0.999265733 -0.02076515062 191 -1.999999995
-0.9990952468 0.03069559144 0.02943583563 0.03007728217 0.02064890614 0.9993342683 0.0300673386 0.9993154674 -0.02155346394 191.667 -1.999999995
-0.9991250127 0.03032439517 0.02880347238 0.0294488585 0.02105563793 0.9993444976 0.02969804197 0.9993183132 -0.02193023334 192.333 -1.999999995
-0.9991454465 0.02976594306 0.02867691409 0.02929588551 0.02057102425 0.9993590866 0.02915695218 0.9993451964 -0.02142546486 193 -1.999999995
-0.9990530324 0.03177283094 0.02972415882 0.03038221026 0.02043289722 0.9993294842 0.03114417608 0.9992862372 -0.02137887676 194 -1.999999995
-0.9990274569 0.03111380794 0.03124213994 0.03185012781 0.01924062724 0.999307444 0.03049114152 0.9993306406 -0.02021289366 195 -1.999999995
-0.9990576071 0.0310297471 0.03034884726 0.030883988 0.01691463613 0.9993798449 0.03049716413 0.9993753298 -0.01785701824 196.5 -1.499999996
-0.9990522939 0.03028494189 0.03126237939 0.03173807512 0.01535597194 0.9993782511 0.02978604804 0.9994233419 -0.01630260475 198 -0.9999999975
-0.9990540476 0.03090777839 0.03058952915 0.03097521716 0.012077784 0.9994471787 0.03052123818 0.9994492665 -0.01302373414 198.667 -0.9999999975
-0.9989995711 0.03144925956 0.03179309851 0.03217157029 0.01160233496 0.9994150168 0.03106198809 0.999438007 -0.01260249971 199.333 -0.9999999975
-0.9990431887 0.03003556162 0.03178949886 0.03219254784 0.01303204291 0.9993967209 0.02960315968 0.9994638717 -0.01398649496 200 -0.9999999975
-0.9988611158 0.03691211202 0.03023189258 0.03062331012 0.01008498674 0.9994801178 0.03658803383 0.9992676263 -0.01120387216 200.667 -1.333
-0.9990973294 0.0289527324 0.03108481369 0.03138864041 0.01009908149 0.9994562331 0.02862306079 0.9995297634 -0.01099875226 201.333 -1.667000006
-0.9990460027 0.03070869042 0.03104932833 0.03138084485 0.01037303745 0.9994536721 0.03036983756 0.9994745502 -0.01132680625 202 -1.999999995
-0.9989492009 0.03133709199 0.03344369534 0.03392668407 0.0150097207 0.9993116073 0.03081353924 0.9993961652 -0.01605711212 203.5 -1.999999995
-0.9990384294 0.03004630994 0.03192860574 0.03252100561 0.01943843049 0.9992820081 0.02940409495 0.9993594782 -0.02039687528 205 -1.999999995
-0.9990131279 0.03072076475 0.03207810681 0.03271296479 0.02039063881 0.9992567657 0.03004383893 0.999319997 -0.02137548315 205.667 -1.999999995
-0.9990446925 0.02878504741 0.03288044196 0.03353896655 0.02270140943 0.9991795553 0.02801499849 0.9993278076 -0.02364514335 206.333 -1.999999995
-0.9989939841 0.03040458634 0.03296332534 0.03358621686 0.02020865506 0.9992314928 0.02971507572 0.9993333635 -0.02120949986 207 -1.999999995
-0.9990651102 0.0284018398 0.03259204003 0.03314470452 0.01921011698 0.9992659306 0.02775489397 0.9994119806 -0.02013352822 208 -1.499999996
-0.9990200797 0.02933135871 0.03314440737 0.03370017121 0.01866061947 0.9992577644 0.02869109275 0.9993955437 -0.01963080536 209 -0.9999999975
-0.9989939225 0.02749403184 0.03542909822 0.03600904902 0.02089321378 0.9991330352 0.02672996775 0.9994035981 -0.02186222752 209.667 -0.9999999975
